%YAML:1.0
---
camera_matrix: !!opencv-matrix
   rows: 3
   cols: 3
   dt: d
   data: [ 2.1963779778632841e+02, 0., 3.2165808286448481e+02, 0.,
       2.2052053261468001e+02, 2.2701894480691129e+02, 0., 0., 1. ]
dist_coeffs: !!opencv-matrix
   rows: 4
   cols: 1
   dt: d
   data: [ -1.1837300000000001e-01, 5.7320700000000002e-02,
       -5.7376099999999999e-02, 2.0322000000000000e-02 ]
resolution: !!opencv-matrix
   rows: 2
   cols: 1
   dt: i
   data: [ 640, 480 ]
project_matrix: !!opencv-matrix
   rows: 3
   cols: 3
   dt: d
   data: [ -2.2436309401322627e+00, -5.6438563092112091e+00,
       1.7316330085777670e+03, -2.3407644109493245e-01,
       -4.4494820724070179e+00, 1.2451343066306606e+03,
       -3.4766794572507092e-04, -4.9645066725027744e-03, 1. ]
scale_xy: !!opencv-matrix
   rows: 2
   cols: 1
   dt: f
   data: [ 8.00000012e-01, 8.99999976e-01 ]
shift_xy: !!opencv-matrix
   rows: 2
   cols: 1
   dt: f
   data: [ 0., 0. ]
